July23

L1,5,1,10,1,108,101,98,100,101,5,aapl$OneH$every
L2,5,1,10,1,105,102,96,1,102,5,every
L3,5,1,10,1,103,101,1,1,101,5,MSFT
L4,5,1,10,1,107,101,98,1,101,5,every$AAPL
L5,5,1,10,1,108,112,96,1,101,5,every
L6,4,1,2,1,108,107,96,101,102,5,tsla
L7,5,1,3,1,106,104,100,100,102,5,every$SP456

Acer
notes area
A1,4,1,10,1,108,102,96,101,100,5,tsla
A2,10,5,10,1,114,102,96,101,101,5,every
A3,10,5,10,1,105,102,0,101.5,0,6,tsla
A4,10,5,10,1,103,102,0,0,101,6,aapl$msft$tsla

AcerPrevious
A,5,1,2,1,108,102,98,100,101,5,aapl$OneH$every
B,5,1,2,2,105,102,96,1,102,5,every
C,5,1,2,1,103,102,1,1,102,5,MSFT
D,5,1,2,1,107,102,98,1,101,5,every
E,5,1,10,1,108,112,96,1,0,5,every
