July23

L01,5,1,10,1,108,101,98,100,201,101,98,50,every
L02,5,1,10,1,105,102,96,1,201,102,98,50,every
L03,5,1,10,1,103,101,1,1,201,101,98,50,MSFT$Every
L04,5,1,10,1,116,101,98,1,126,101,98,50,AAPL$every
L05,5,1,10,1,108,112,96,1,201,101,98,50,every
L06,4,1,2,1,108,107,96,101,201,102,98,50,tsla
L07,5,1,3,1,106,104,96,100,201,102,98,50,every$SP456
L08-Mon,4,1,2,1,108,104,96,100,201,102,0,10,SP5*200
L09-Mon,4,1,2,1,107,100,96,100,201,0,99,10,SP5*80
L10-Frid,4,1,2,1,108,104,96,100,201,0,99,50,SP5*200
L11-FM,4,1,2,1,108,100,96,100,201,0,99,10,SP5*35
L12-ANY,5,1,2,1,112,0,96,100,201,101,0,60,SP5*200
L13-FM,5,1,2,1,108,0,96,100,201,101,0,60,SP5*20
L14-FM,8,4,2,1,103,105,90,90,201,101,0,50,SP5*50
L15-FM,3,3,2,1,103,105,90,90,201,101,0,50,SP5*40
L16-FM,8,1,2,1,108,104,90,90,201,101,0,50,NAS*100
L17-FM,4,1,2,1,116,100,90,90,201,101,0,50,DOWJ*100
L18-FM,21,1,8,1,110,100,90,90,201,99,0,50,NOW


Barcharts

L71a-FM,8,1,3,1,106,100,90,90,201,101,0,50,barChart100
L72a-FM,8,1,3,1,110,100,90,90,201,101,0,50,barChartCDI
L73a-FM,8,1,8,1,116,110,90,90,201,101,0,50,barChartEne
L74a-FM,8,1,3,1,112,100,90,90,201,101,0,50,barChartESG
L75a-FM,8,1,8,1,106,105,90,90,201,101,0,50,barChartFin
L76a-FM,3,1,5,1,106,100,90,90,201,101,0,50,barChartHea

L77a-FM,8,1,8,1,112,100,101,90,201,99,0,50,barChartInd
L77b,5,2,10,1,105,101,98,1,200,101,98,5,barchartind
L78a-FM,8,1,8,1,126,100,90,90,201,99,0,50,barChartInf
L79a-FM,8,1,8,1,112,105,90,90,201,101,0,50,barChartMat
L79b-FM,8,1,8,1,118,105,101,90,201,101,0,50,barChartMat
L80a-FM,8,1,3,1,107,100,90,90,201,101,0,50,barChartRea







Acer
notes area
AA1,4,1,10,1,108,102,96,101,100,98,5,tsla
AA2,10,5,10,1,114,102,96,101,101,98,5,every
AA3,10,5,10,1,105,102,0,101.5,0,98,6,tsla
AA4,10,5,10,1,103,102,0,0,101,98,6,aapl$msft$tsla

AcerPrevious
A1,5,1,2,1,108,102,98,100,101,98,5,aapl$OneH$every
A2,5,1,2,2,105,102,96,1,102,98,5,every
A3,5,1,2,1,103,102,1,1,102,98,5,MSFT
A4,5,1,2,1,107,102,98,1,101,98,5,every
A5,5,1,10,1,108,112,96,1,0,98,5,every
