hidden
load m600
options marketChange=false


E01,5,1,10,1,113,101,98,100,201,202,203,101,98,546,EVERY
E02,3,1,10,1,107,101,96,1,201,202,203,102,98,546,EVERY
E03,5,1,10,1,109,101,98,100,201,202,203,101,98,540,EVERY
E05,5,100,8,1,104,1,101,90,201,202,203,101,90,540,EVERY
E06,5,3,8,1,104,107,101,90,201,202,203,101,90,546,EVERY

E07,10,1,2,1,109,104,96,1,201,202,203,102,98,546,EVERY
E08,5,1,3,1,105,104,98,100,201,202,203,99,90,500,nas*30
E09,5,1,3,1,108,102,98,100,201,202,203,101,98,540,EVERY
E10,4,1,8,1,106,108,100,90,201,202,203,101,0,400,EVERY


select few test 200


marketUP
upA01-@2>,5,100,5,1,104,106,90,100,201,202,203,101,90,546,nas*20
upA02-@2>,5,100,5,1,104,106,90,100,201,202,105,101,90,546,nas*100
UPA03-@2>,5,1,3,1,103,101,90,100,201,202,203,101,90,546,BARCHARTENE
upA04-@2>,5,100,5,1,104,106,90,100,201,202,203,101,90,546,barchartFin
upA05-@2>,5,100,5,1,104,106,90,100,201,202,203,101,90,546,sp5*100
upA06-@2>,5,100,5,1,104,106,90,100,201,202,203,101,90,500,every
upA07-@2>,5,100,5,1,104,106,90,100,201,202,203,101,90,540,every
upA08-@2>,5,100,5,1,104,106,90,100,201,202,203,101,90,546,every
upA09-@2>,5,100,5,1,104,106,90,100,201,202,203,101,90,4,every
upA10-@2>,5,100,5,1,104,106,90,100,201,202,203,101,90,5,every
upB01-@5>,10,100,3,100,104,102,100,100,201,202,203,101,90,500,every
UPC01-@5>,10,100,5,1,105,105,97,100,201,202,203,101,90,546,MineInfoB
UPD01>,15,1,5,1,112,103,99,100,201,202,203,101,90,546,barchartInf
UPD02>,15,1,5,1,106,103,99,100,201,202,203,101,90,546,barchartInf




marketdown
down01-@2,5,100,5,1,104,102,97,100,201,202,203,99,90,546,nas*20
down02-@2,5,100,5,1,112,112,97,100,201,202,203,101,90,5,every
DOWN03-@2,5,100,2,1,104,104,95,100,201,202,203,95,90,546,NAS*20
DOWN04-@2,5,100,3,1,122,104,95,100,201,202,203,95,90,546,every
DOWN05-@2,12,1,3,1,108,105,95,100,201,202,203,95,90,546,nas*200
DOWN06-@2,12,1,3,1,108,105,95,100,201,202,203,95,90,546,barchartEne
DOWN06-@2,12,1,3,1,108,105,95,100,201,202,203,95,90,546,barchartFin
DOWN06-@2,12,1,3,1,112,105,95,100,201,202,203,95,90,546,MineFinancial

DOWN07-@2,12,1,3,1,112,105,95,100,201,202,203,95,90,546,MineInfoA
DOWN08-#2,5,306,5,100,99,107,97,100,201,202,203,99,90,546,NAS*20
DOWN09-@2,5,100,5,1,105,105,95,100,201,202,203,95,90,546,NAS*20

previous
RECE06(114)-,5,1,2,307,102,103,101,90,131,202,203,101,90,3,barChartMine01

01verify,10,1,5,1,108,100,94,90,121,202,203,90,90,546,EVERY
02verify,5,1,15,1,108,100,94,90,121,202,203,90,90,546,EVERY
03verify-SKIP@2,6,100,5,1,107,100,90,90,121,202,203,95,90,546,EVERY

MaxCh102-01,10,1,5,1,120,105,80,80,170,202,203,90,90,546,EVERY



a04GRAPH-@10>,15,100,10,1,135,90,96,90,200,202,104,0,0,500,EVERY
b05GRAPH-@2>,15,100,10,1,135,90,96,90,200,202,104,0,0,540,EVERY
c07GRAPH>,5,1,5,1,106,106,90,90,200,202,104,0,0,540,barchartMineTop22
d10GRAPH-#1>,10,1,15,100,106,112,90,90,201,202,104,0,0,500,sp5*50
e11GRAPH>,5,1,10,1,112,118,92,90,201,202,101,98,0,500,EVERY
f01GRAPH>,5,1,10,1,111,90,96,90,200,202,104,101,0,500,EVERY
g02GRAPH>,10,1,5,1,111,104,90,90,200,202,104,0,0,500,sp5*45
h03GRAPH>,10,1,5,1,118,104,90,90,200,202,104,0,0,500,barchart100
i06GRAPH>,10,1,5,1,122,112,90,90,200,202,100,90,0,500,every
j08GRAPH-@1>,15,100,5,1,112,106,90,90,201,202,104,0,0,500,barchartMineTop22
k09GRAPH>,5,1,10,1,121,131,96,90,136,202,104,101,0,500,EVERY







For400-id=92
401>,10,1,5,1,122,111,90,90,201,202,102,101,0,400,EVERY
402>,10,1,5,1,132,111,90,90,201,202,102,101,0,400,EVERY
403>,10,100,10,1,125,100,94,90,201,202,104,95,0,400,EVERY
404>,15,100,10,1,130,100,94,90,201,202,104,95,0,400,EVERY
405>,20,100,10,1,130,100,94,90,201,202,104,95,0,400,EVERY




for500
501>,10,1,5,1,113,111,96,90,201,202,104,101,0,500,EVERY
502@4>,7,1,10,1,112,105,90,100,201,202,203,101,90,500,every
503@3>,8,1,10,1,114,105,90,100,201,202,104,101,90,500,every
504@3>,8,1,10,1,100,105,90,100,201,202,104,101,90,500,every
505@3>,8,1,10,1,100,115,90,100,201,202,104,101,90,500,every
506@3>,8,1,10,1,100,105,90,100,201,202,104,101,90,500,nas*10


ForRuss3000
R3001>,5,1,3,1,121,112,98,100,131,122,110,101,90,800,every

01Graphing>,5,1,20,1,112,116,90,0,201,202,104,101,90,500,every
02GRAPHING@5>,10,100,5,1,100,112,90,102,201,202,104,101,90,500,EVERY


ExtemeFriday
01-Extreme>,10,1,5,1,131,110,97,91,156,202,104,101,90,500
02-Extreme,5,1,8,1,116,100,90,90,201,202,104,101,90,500,EVERY

MinPrice80
001-minprice>,10,1,5,1,120,100,90,90,150,202,203,90,0,500,EVERY
002-minprice>,10,1,5,1,120,100,90,90,150,202,203,90,0,400,EVERY


04Verify>,10,1,5,1,106,90,90,90,201,202,104,101,0,500,every


GoSeries
01Java_Go>,3,1,5,1,108,112,90,90,201,202,104,101,0,500,EVERY
02Java_Go#5>,5,1,10,100,112,108,94,90,201,202,104,101,0,500,every
03JAVA_GO#5>,5,1,10,100,111,108,94,90,128,118,104,101,0,500,EVERY
04JAVA_GO>,5,1,5,100,112,104,90,90,201,202,105,101,0,500,EVERY
05JAVA_GO>,10,1,10,100,125,111,90,90,201,202,102,99,0,500,EVERY
06JAVA_GO_LONG>,5,1,5,100,118,104,90,90,136,202,105,101,0,500,EVERY
07JAVA_GO_LONG>,5,1,25,1,114,133,90,90,201,202,105,101,0,500,EVERY
08JAVA_GO_LONG>,5,1,25,1,114,133,90,90,201,202,105,101,0,540,EVERY
09JAVA_GO_LONG>,5,1,25,1,116,136,90,90,201,155,102,99,0,540,EVERY
10JAVA_GO>,5,307,5,1,103,106,90,90,201,202,104,99,0,540,every
11JAVA_GO>,2,100,5,1,100,106,90,90,201,202,104,99,0,500,barchart100
12JAVA_GO>,5,308,5,1,101,106,90,90,201,202,104,99,0,500,barchart-nc
13JAVA_GO>,3,1,5,1,103,104,90,90,201,202,104,101,0,500,barchartENE
14JAVA_GO>,10,1,5,1,110,90,100,90,201,202,104,90,0,500,EVERY
15JAVA_GO>,10,1,5,1,112,106,90,90,201,202,104,101,0,500,EVERY
16JAVA_GO>,10,1,5,1,115,106,90,90,201,202,104,95,0,500,EVERY
17JAVA_GO>,10,1,5,1,112,109,90,90,201,202,104,95,0,500,EVERY
18JAVA_GO>,10,1,5,1,110,107,90,90,201,202,104,95,0,500,barchart100
19JAVA_GO>,2,100,5,1,106,108,90,90,201,202,104,95,0,500,barchart100
20JAVA_GO>,15,1,5,1,118,108,90,90,201,202,104,101,0,500,every
21JAVA_GO>,2,301,6,1,0,116,90,90,201,202,104,101,0,500,EVERY
22JAVA_GO>,2,301,5,1,0,112,90,90,201,202,104,101,0,500,EVERY
23JAVA_GO>,2,301,5,1,0,106,90,90,201,202,104,101,0,500,nas*30





pythonseries
001PyTest>, 5,1,10,1,105,100,90,90,201,202,104,101,0,500,every
002Py>, 5,1,10,1,105,106,90,90,201,202,104,101,0,500,barchart100
003Py*>, 5,1,20,100,105,108,90,90,201,202,104,101,0,500,barchart-n1
004Py>, 5,1,20,100,105,108,90,90,201,202,104,101,0,500,barchartInf
005PY*>, 5,1,15,1,109,112,90,90,201,202,104,101,0,500,barchart-nc
006Py*>, 4,1,10,1,112,100,90,90,201,202,104,101,0,500,EVERY
007PY*>, 4,310,10,1,112,112,90,90,201,202,104,101,0,500,EVERY
008PY#5*>, 5,1,22,100,112,124,90,90,201,202,104,101,0,500,EVERY
009PY*>, 5,1,20,1,105,124,90,90,201,202,104,90,0,500,BARCHART-N1
010PY*>, 5,1,22,100,105,115,90,90,201,202,104,90,0,500,BARCHART-N1
011PY*>, 5,1,10,100,105,128,90,90,201,202,104,90,0,540,every
012PY-Fin*>, 5,1,8,1,105,112,90,90,201,202,104,90,0,500,barchartFin
013PY-Inf*>, 5,1,18,1,105,130,90,90,201,202,104,90,0,500,BARCHARTINF
014PY-N20*>, 5,1,18,1,105,121,90,90,201,202,104,0,0,500,BARCHART-nas*20
015PY-546*>, 5,1,18,1,114,130,90,90,201,202,104,101,0,546,every
016PY-546#1>, 5,1,22,100,117,120,90,90,201,202,104,90,90,546,EVERY
017PY-546#3>, 5,1,12,100,117,128,90,90,201,202,104,90,90,546,EVERY
018PY-#1>, 5,1,18,100,112,120,90,90,201,202,104,101,0,500,EVERY
019PY-546>, 5,1,22,1,115,130,90,90,201,202,104,90,90,546,EVERY
020PY-100>, 5,1,22,1,110,125,90,90,201,202,104,90,90,500,barchart100
021PY-nas>, 5,1,22,1,110,128,90,90,201,202,104,90,90,500,BARCHART-nas*21
022PY>, 25,1,5,1,100,113,90,90,201,202,104,101,0,500,every
023PY*>, 13,1,5,1,107,103,90,90,201,202,104,102,0,500,nas*20
024PY*>, 13,1,5,1,115,103,90,90,201,202,104,102,0,500,every
025PY-SearchAlpha>, 5,326,5,1,0,107,90,90,201,202,104,101,0,5,every
026PY-SearchAvg@4>, 9,100,5,1,0,107,90,90,201,202,104,95,0,5,every
027PY-HPCSearchAvg@4>, 9,100,5,1,0,107,90,90,201,202,108,101,0,5,every
028PY-SearchAvg>  , 7,1,  5,1,0,107,90,90,201,202,104,95,0,5,every
029PY-TestSpeed>, 5,1,5,1,106,106,90,90,201,202,104,101,0,500,every
030PY-RusselAvg@4>, 9,100,5,1,118,105,100,90,201,202,108,101,0,800,every
031PY-RusselAvg@4>, 9,100,5,1,122,107,100.1,90,201,202,203,101,0,800,every
032PY-SP500Avg@4>, 9,100,5,1,122,107,100.1,90,201,202,203,101,0,500,every
033PY-EveryAvg@4>, 9,100,5,1,0,107,100.1,90,201,202,203,101,0,5,ever
034PY-EveryAvg@4>, 9,100,5,1,0,107.4,95,90,201,202,203,100,0,5,ever
035PY-EveryAvg>>>, 20,1,5,1,0,107.4,85,90,201,202,203,101,0,5,ever
035PY-EveryAvg@10>>>, 13,100,5,1,115,107.4,85,90,201,202,203,101,0,5,ever





Extra
001Xtra-Every>, 13,1,5,1,122,107,90,90,201,202,97,101,0,5,every

---                      PriceChecking   ---------------------------------------------
001PriceCheck-4567a>, 5,326,5,1,0,80,90,90,201,202,203,90,0,5,AA$ABC$ACLS$ALNY$ZEN
002aPriceCheck-4567b>, 5,326,5,1,0,80,90,90,201,202,203,90,0,5,YELP$YETI$ZG$ZION$ZWS
002bPriceCheck-4567b %3>,20,326,5,1, 0,0,0,0,201,202,203,0,0,5,IMXI$LMND$YELP$YETI$Z$ZBH$ZBRA
003PriceCheck-800>, 5,326,5,1,0,0,0,0,201,202,203,0,0,5,AGM$ZWS
004PriceCheck-Etrade>, 5,326,5,1,0,0,0,0,201,202,203,0,0,5,ANZ$RRL$SLR$SYR$WDS$XRO


Aus
001Aus->>>, 22,1,5,1,110,104,85,90,201,202,203,0,0,5,mineaus001
002Aus-NST>>>, 22,1,5,1,110,104,85,90,201,202,203,0,0,5,mineaus002NST
003Aus-XRO>>>, 4 ,1,5,1,110,110,85,90,201,202,203,0,0,5,mineaus003XRO
004Aus-WHC>>>, 8 ,1,3,1,112,90,85,90,201,202,203,0,0,5,mineaus004WHC
005Aus-SBM>>>, 8 ,326,8,1,0,106,85,90,201,202,203,0,0,5,sbm
006Aus-FetchBest>>>,20,1,5,100,0,105,85,90,201,202,203,95,0,5,every




USA-Division-A
001USA-PYPL>>>,13,1,13,100,100,105,85,90,201,202,203,101,0,5,mineusa001PYPL
002USA-AAPL>>>,6,1,10,1,110,110,85,90,201,202,203,0,0,5,mineusa002AAPL
006USA-MSFT>>>,10,1,5,1,110,114,94,90,201,202,203,101,0,5,mineusa007MSFT
003USA-IBM>>>,13,100,5,1,105,114,85,90,201,202,203,90,0,5,mineusa003IBM

USA-Division-B

004USA-PGNY>>>,13,100,5,1,105,104,95,90,201,202,203,90,0,540,mineusa004PGNY
005USA-RL>>>,10,1,5,1,110,105,94,90,201,202,203,101,0,5,mineusa005RL


006USA-EVRY>>>,3,1,10,1,106,120,94,90,201,202,203,101,0,5,ev
007USA-LMND>>>,10,1,5,1,110,105,98,90,201,202,203,101,0,5,LMND
008USA-HighLast>>>,10,1,5,1,90,90,94,105,201,202,203,90,90,5,Ev
009USA-QFIN>>>,9,1,5,1,130,115,94,90,201,202,203,101,90,5,QFIN
009USA-Yest1>>>,1,1,5,1,103,103,94,90,201,202,203,101,90,5,ev
010USA-Yest2>>>,2,1,5,1,103,103,94,90,201,202,203,101,90,5,ev


Experiment-
000-Expment@0>>>,5,100,5,1,125,103,94,90,201,202,203,100,90,5,every
001-Expment@0>>>,5,100,5,310,125,115,90,90,201,202,110,101,90,5,every
002-Expment@1>>>,8,1,5,310,145,115,90,90,201,202,110,90,90,5,every
003-Expment@0>>>,3,100,5,310,119,115,90,90,201,202,110,101,90,5,every
004-Expment@0>>>,10,1,5,1,135,105,90,90,201,202,110,100,90,5,MINEUSA006CZR
005-Expment#5>>>,5,100,15,100,125,125,90,90,201,202,110,90,90,5,every
006-Expment#5>>>,6,100,15,100,140,0,90,90,201,202,110,90,90,5,every
007-Expment@0>>>,10,1,4,100,110,105,90,90,201,202,110,100,90,5,MINEUSA007MSFT
008-FetchBest>>>,3,1,5,100,0,125,85,90,201,202,203,100,0,5,every
009-Expment-500@0>>>,8,1,5,1,130,115,94,90,201,202,203,95,90,500,every
010-Expment-Dynamite@0>>>,8,1,5,100,130,125,94,90,201,202,203,95,90,5,every
011-Expment-Dynamite@0>>>,8,1,5,100,121,112,94,90,201,202,203,95,90,5,every
012-Expment-Dynamite@0>>>,4,1,5,1,128,100,90,90,201,202,203,95,90,5,every

subplots
001-Subplots@0>>>,8,1,13,100,135,135,90,90,201,202,203,95,90,5,every
002-Subplots#1>>>,20,306,13,100,100,135,90,90,201,202,203,95,90,5,every
003-Subplots#1>>>,20,306,22,100,0,110,90,90,201,202,203,100,90,5,SBNY
004-Subplots#1>>>,20,306,6,1,0,110,90,90,201,202,203,100,90,5,MSFT
005-Subplots#1>>>,20,306,15,1,0,115,90,90,201,202,203,100,90,5,V$NOW

AVG note @HR1skip value #HR2skip value
dict-stratFinder
000-DictStart>>>,5,1,10,1,90,90,90,90,201,202,203,90,90,5,eve

001-DictAUS>>>,4,1,22,1,118,100,90,90,201,202,203,90,90,5,every
002-DictAUS>>>,5,1,22,1,104,110,90,90,201,202,203,90,90,5,whc$syr
003-DictAUS@1>>>,5,100,22,1,102,106,90,90,201,202,203,90,90,5,slr$rrl$sbm
004-DictAUS>>>,5,1,22,1,104,100,102,90,201,202,203,90,90,5,fmg$syr$min
005-DictAUS>>>,5,1,10,1,100,104,90,90,201,202,203,101,90,5,fmg$syr$min
006-DictAUS>>>,5,1,22,1,100,116,90,90,201,202,203,90,90,5,bhp$fmg
007-DictAUS>>>,5,326,3,100,0,102,90,90,201,202,203,90,90,5,kar$a2m
008-DictAUS>>>,18,1,3,100,108,0,90,90,201,202,203,90,90,5,s32$fmg
009-DictAUS>>>,15,100,3,100,104,0,90,90,201,202,203,101,90,5,$tyr$sbm$s32
010-DictAUS>>>,5,1,20,1,104,104,91,92,201,202,203,91,92,5,MineAus005Mix

AVG note @HR1skip value #HR2skip value
*******************
001a-DictUSA%2>>>,12,1,5,1,110,100,90,90,201,202,203,101,102,540,aapl$every$(selection)
001b-DictUSA>>>,12,1,5,1,112,106,90,90,201,202,203,90,90,540,msft$every$(selection)
001c-DictUSA>>>,12,1,5,1,126,106,90,90,201,202,203,90,90,540,algn$every$(selection)
001d1-DictUSA>>>,1,303,5,1,103,0,90,90,201,105,203,90,90,540,TSLA$every$(selection)
001d2-DictUSA#2>>>,15,1,6,100,115,104,90,90,201,202,203,90,90,540,SBNY$every$(selection)
001d3-DictUSA>>>,4,1,20,1,106,124,90,90,201,202,203,90,90,540,ORCL$every$(selection)

001e-DictUSA>>>,3,100,5,1,104,100,90,90,201,202,203,90,90,540,SBNY$every$(selection)
001f-DictUSA>>>,15,1,5,306,108,101,90,90,201,202,203,90,90,540,TXN$every$(selection)
001g-DictUSA>>>,12,1,5,1,122,1,90,90,201,202,203,90,90,5,barchartEne
001h-DictUSA@2>>>,10,100,5,1,111,1,90,90,201,202,203,90,90,5,barchartInf
001i-DictUSA>>>,5,1,20,1,105,124,90,90,201,202,203,90,90,5,CZR$ever

001m1-DictUSA>>>,5,306,15,1,100,107,90,90,201,202,203,90,90,540,RL$ever$(selection)
001m2-DictUSA>>>,5,306,15,1,100,114,90,90,201,202,203,90,90,540,RL$ever$(selection)



002a-DictUSA>>>,5,1,15,1,106,136,90,90,201,202,203,101,90,400,every
002b-*-DictUSA>>>,5,1,13,100,106,108,90,90,201,202,203,101,90,400,every
002c-*-DictUSA>>>,5,1,13,100,106,108,90,90,201,202,203,101,90,546,every
002d-*-DictUSA>>>,20,1,13,100,106,108,90,90,150,202,100,90,90,546,every
002e-*-DictUSA>>>,6,1,20,1,121,121,90,90,150,202,203,90,90,546,every

003-DictUSA>>>,5,1,3,100,0,104,90,90,201,202,203,0,90,546,AA$every
004-DictUSA>>>,5,1,8,1,0,104,90,90,201,202,203,0,90,546,V$AXP$MA$every
005-DictUSA>>>,15,1,3,100,110,100,90,90,201,202,203,100,90,540,MSFT$AAPL$V$every
006-*-DictUSA-Visa>>>,8,1,20,100,110,110,90,90,201,202,203,90,90,540,barchartfin
007-DictUSA>>>,5,100,3,100,114,104,90,90,201,202,203,90,90,540,barchartfin
008-DictUSA>>>,13,1,10,1,116,90,90,90,201,202,203,90,90,540,barchartene
008-DictUSA>>>,3,306,3,100,102,104,90,90,201,202,203,102,90,540,barchartinf
009-DictUSA>>>,10,100,5,310,108,100,90,90,201,202,203,0,90,540,sbny$every
010-DictUSA>>>,12,1,5,1,108,104,90,90,201,202,203,0,90,540,axp$every
011-DictUSA>>>,10,1,5,1,116,106,90,90,201,202,203,0,90,540,payc$every
012-DictUSA>>>,12,1,5,1,118,106,90,90,201,202,203,0,90,540,BAC$every
013-DictUSA#2>>>,3,1,6,100,106,116,90,90,201,202,203,101,90,546,BA$AAL$every
014-DictUSA>>>,3,1,6,1,90,102,102,90,201,202,203,90,90,540,PENN$every
015a-DictUSA>>>,5,1,4,100,0,114,90,90,201,202,203,0,0,540,GME$every
015b-DictUSA>>>,5,1,4,100,0,106,90,90,201,202,203,0,0,540,PBF$every
015c-DictUSA>>>,3,1,4,100,106,100,90,90,201,202,203,101,0,540,NVDA$every
015d-DictUSA>>>,18,1,4,100,145,100,90,90,201,202,203,0,0,540,NVDA$every



016-DictUSA>>>,6,1,3,1,114,90,90,90,201,202,203,90,90,540,CDAY$every
017-DictUSA>>>,22,1,5,1,122,107,90,90,201,202,203,90,90,5,barchart-n1
018-DictUSA>>>,5,1,5,310,125,110,90,90,201,202,203,90,90,5,barchart-nc
019a-DictUSA>>>,5,310,5,1,120,90,90,90,201,202,203,90,90,5,barchart-nc
019b-DictUSA>>>,5,310,5,1,115,90,90,90,201,202,203,90,90,5,every
020-DictUSA>>>,5,310,5,1,115,125,90,90,201,202,203,90,90,700,every
021-*-DictUSA>>>,8,100,5,1,108,110,90,90,201,202,203,90,90,5,barchart-n1

022-DictUSA-HiLa>>>,5,1,5,310,125,110,90,107,201,202,203,101,92,5,barchart-n1
023-DictUSA-HiLa>>>,5,301,5,1,108,106,90,107,201,202,203,101,92,540,every
024-DictUSA-LMND@1>>>,10,100,5,1,116,0,90,0,201,202,203,91,92,5,LMND$every
025-DictUSA-FridaySpecial1@1>>>,8,100,5,1,115,0,90,0,201,202,203,99,92,540,$every
026-DictUSA-FridaySpecial2@1>>>,8,100,5,1,125,0,90,0,201,202,203,99,92,546,$every
027-DictUSA-FridaySpecial3@1>>>,8,100,5,1,116,0,90,0,201,202,203,91,92,4,$every

028-DictUSA-Nike>>>,5,1,6,100,105,100,90,0,201,202,203,91,92,500,$nke$every
029-DictUSA-546@1>>>,5,100,20,1,104,125,90,0,201,202,203,91,92,546,$every
030-DictUSA-bar100>>>,22,1,5,1,108,0,90,0,201,202,203,91,92,5,barchart-0303-NYse1
031-DictUSA-bar100>>>,5,1,15,1,106,116,90,0,201,202,203,98,92,5,barchart-0303-NYse1
032-DictUSA-bar700>>>,4,1,15,1,124,90,90,0,201,202,203,98,92,5,barchart-0303-NYse7

GoldieL
001-GL>>>,3,1,13,1,105,130,90,0,130,202,203,91,92,546,every

ORs
OR-001a>>>,1,1,5,1,110,100,90,0,130,202,203,91,92,540,every
OR-001b>>>,1,1,5,1,100,120,90,0,130,202,203,91,92,540,every

BigCaps
001-BigCap>>>,5,1,13,1,100,105,90,0,201,202,203,91,92,540,every$(selection)
002-BigCap>>>,5,1,15,1,105,115,90,105,201,202,203,100,92,540,every$(selection)
003-BigCap>>>,15,1,2,1,120,105,90,90,201,202,203,91,92,540,every$(selection)


MixCap
001-MixCap>>>,5,1,13,1,110,105,90,0,201,202,203,91,92,5,every$(selection)
002-MixCap>>>,5,1,15,1,105,115,90,105,201,202,203,100,92,5,every$(selection)


AVG note @HR1skip value #HR2skip value
-- US Powers -----
001-Power-AVG-5>>>,5,100,5,1,125,103,94,90,201,202,203,100,90,540,every
002-Power-AVG-5>>>,5,100,2,1,113,105,95,90,1261,202,203,100,90,540,every
003-Power-AVG-5>>>,5,100,5,1,114,103,95,90,201,202,203,100,90,540,every
004-Power-AVG-5>>>,5,100,5,1,121,103,95,90,201,202,203,100,90,540,every
005-Power-AVG-5#1>>>,2,100,5,100,100,125,94,90,201,202,203,100,90,540,every
006-Power-AVG-6>>,5,100,5,1,110,100,91,92,201,202,203,91,92,540,every
007-Power-AVG-6#3>>,15,1,8,100,135,100,91,92,201,202,203,91,92,540,every
008-Power-H2>>,2,1,5,1,116,100,90,90,140,202,203,91,92,540,every
009-Power-H2>>,5,310,3,1,120,125,70,1,201,202,203,80,0,5,every
010-Power-H2>>,5,310,3,1,110,125,70,1,201,202,203,80,0,546,every
011-Power-H2>>,5,310,3,1,131,105,70,1,201,202,203,80,0,5,every
012-Power-H25>>,25,1,5,1,0,135,70,1,201,202,203,95,0,5,every
013-Power-H10>>,10,1,5,1,125,0,70,1,135,202,203,95,0,5,AA$every
014-Power-H5>>,5,1,5,1,125,0,70,1,135,202,203,101,0,5,LMND$every
015-Power-H5>>,5,1,5,310,140,115,70,1,201,202,203,0,0,5,every
016-Power-H5#1>>,5,1,4,100,125,124,70,1,201,202,203,90,0,5,every
017-Power-H5  >>,5,1,5,100,100,122,70,1,201,202,203,90,0,5,every
018-Power-HPC  >>,5,1,5,100,100,118,70,1,201,202,203,100,0,5,every
019-Power-10H%1 >>,10,301,5,100,1,122,90,1,201,202,203,90,100,5,AA$COIN$every
020-Power-sp100 >>,5,1,5,306,106,102,90,1,201,202,203,102,0,5,BARCHART-0303-NYSE1
021-Power-10H >>,10,1,1,1,130,105,90,1,201,202,203,100,0,5,AA$every

022a-Power-5A >>,5,1,5,100,0,120,90,102,201,202,203,90,14,546,AA$every
022b-Power-5A >>,5,1,5,100,105,100,100,102,201,202,203,90,14,546,AA$every
022c-Power-5A >>,5,306,5,100,0,120,11,105,201,202,203,0,14,546,AA$every
023a-Power-5A >>,5,301,5,100,0,124,11,102,201,202,203,95,14,546,AA$every
023b-Power-5A >>,5,301,5,100,0,120,11,102,201,202,203,100,14,546,AA$every
023c-Power-5A >>,3,100,5,100,105,115,11,102,201,202,203,100,14,546,AA$every
024-Power-10H@7 >>,10,1,5,1,132,112,11,102,201,202,203,0,0,546,AA$every
025-Power-10H@7 >>,10,310,12,1,112,132,11,100,201,202,203,0,0,546,AFRM$every
026a-Power-10%210 >>,5,1,20,1,115,124,100,105,130,202,203,101,100,546,GOLDIE$every
026b-Power-10%210 >>,5,1,20,1,115,124,90,105,160,202,203,101,100,546,GOLDIE$every
027a-Power-HLast 546>>,5,301,5,306,105,101,90,105,201,202,203,101,0,546,HighLast$every
027b-Power-HLast%8 700>>,5,301,5,306,105,101,90,105,201,202,203,101,120,546,HighLast$every

028-Power%5>>,3,1,20,1,110,130,90,90,201,202,105,101,120,546,every
029-Power5H3A>>,5,1,3,100,120,107,90,90,201,202,203,101,0,546,every
030a-Nasdaq700%81#4>>,3,1,10,100,105,112,90,115,201,202,203,90,95,700,every
030b-Nasdaq700Lite>>,3,1,10,100,100,110,90,90,201,202,203,90,90,700,every
030c-Nasdaq700%83#4>>,3,303,10,100,88,122,95,115,201,202,203,90,105,700,every
030d-Nasdaq700%81#6>>,3,1,10,100,105,124,90,115,201,202,203,90,95,5,every
030e-Nasdaq700%81#4>>,3,1,10,100,105,122,97,115,201,202,203,90,95,5,every

031-Generala>>,8,1,4,1,110,100,90,91,201,202,203,92,93,5,every
032a-AAPLMSFT+>>,8,1,2,1,0,102,90,90,201,202,203,0,0,5,aapl$msft
032b-AVG10 %3>>,20,1,10,100,122,102,90,0,201,203,203,90,101,5,MSFT$AAPL$AMZN$META$GOOG$AA
033-TSLA>>,20,1,8,1,108,100,80,91,201,202,203,92,93,5,tsla
034-AA>>,6,1,8,100,108,104,80,91,201,202,203,92,93,5,$AA

035a-SkLearn500>>,10,304,10,1,100,120,80,0,201,202,203,90,0,5,ever
035b-SkLearn500>>,15,1,9,1,110,105,80,0,201,202,203,90,0,5,ever

036a-Gear5%53 >>,15,304,10,1,0,115,80,112,201,202,203,90,108,5,ever
036b-Gear10%53>>,15,310,10,1,0,115,80,0,201,202,203,90,0,5,ever
037a-GearCombinations%5>>,15,310,10,1,102,0,80,0,201,202,203,90,0,5,ever
037b-GearCombinations%5>>,15,1,10,1,110,0,80,0,201,202,203,90,0,5,ever
037c-GearCombinations%5>>,5,1,8,1,105,0,80,0,201,202,203,90,0,5,ever
037d-GearCombinations%5>>,8,1,4,100,110,0,80,0,201,202,203,90,0,5,ever
038a-GC-WED-Top100Slick%3#1>>,7,1,4,100,0,104,94,0,201,202,203,90,100,5,barchart-0422-SN
038b1-GC-WED-Top100Slick>>,3,100,3,310,102,102,90,0,201,202,100,90,0,5,barchart-0422-SN
038b2-GC-WED-Top100Slick>>,3,100,3,310,108,102,90,0,201,202,100,90,0,5,every
038c-GC-Wed-540>>,4,1,4,301,110,104,90,104,201,202,120,90,0,5,ever
038d-GC-WED-540%3#1>>,8,1,4,100,116,104,98,0,201,202,104,90,100,5,ever
038e-GC-WED-540%3#1>>,12,1,4,100,130,100,90,0,201,202,104,90,100,5,ever
038f-GC-WED-540>>,20,1,4,1,116,105,90,0,201,202,101,90,0,5,barchart-0422-SN
038g-GC-WED-540>>,12,1,3,1,125,0,90,0,201,125,203,90,0,5,ever


039a-ENERGY>>,8,1,2,1,0,106,90,90,201,202,203,0,0,5,Barchart-0409-energy
039b-Finance>>,15,1,2,1,110,106,90,90,201,202,203,0,0,5,Barchart-0409-finance
039c-INFO %120>>,15,1,2,1,110,106,90,90,201,202,203,0,0,5,Barchart-0409-info
039d-INDU %120>>,15,1,2,1,108,100,90,90,201,202,203,0,0,5,BARCHART-0409-INDU


040a-Nas700>>,15,306,15,1,0,118,95,102,201,202,203,101,0,5,ever
040b-Nas700>>,10,1,10,100,130,110,95,0,201,202,203,0,0,5,ever
040c-Nas700>>,15,306,15,1,0,125,95,90,201,202,203,0,0,5,ever


041a-Special>>,10,100,6,1,102,104,95,0,201,202,203,0,0,5,$RL$META$AA$AMZN


001-PercentileTool %120>>,1,1,5,100,0,105,91,93,201,202,203,92,118,5,Every
002-PERCENTILETOOL>>,20,100,5,100,0,104,91,93,201,202,203,92,0,5,BARCHART-0409-NYSE2
003-PERCENTILETOOL%815>>,20,1,2,100,125,103.6,91,108,201,202,203,92,122,5,every
004-PERCENTILETOOL>>,20,1,8,1,114,106,91,2,201,202,203,3,4,5,EVERY
005-percentile %1>>,10,1,13,1,118,121,90,0,201,202,203,90,101,5,every
006-percentile %1>>,20,1,5,100,118,105,90,0,201,202,203,90,0,5,every



AVG note @HR1skip value #HR2skip value

ProvenHere
001-PROVEN-540 %4>>,3,1,20,1,102,125,90,95,201,203,203,92,108,5,EVERY
002-PROVEN-500 %3>>,20,1,1,312,125,105,90,95,201,203,203,95,103,5,EVERY
003-PROVEN-540 %2>>,20,1,1,1,142,101,90,95,201,203,203,95,105,5,EVERY
004-PROVEN-S&P100 %2>>,20,1,10,1,130,115,90,95,201,203,203,95,104,5,BARCHART-0409-NYSE1
005-PROVEN-Nas100 >>,3,1,20,1,101,125,90,95,201,203,203,95,0,5,BARCHART-0409-NYSE2
006-PROVEN-Nas700 >>,20,1,3,1,142,104,90,95,201,203,203,95,0,5,every
007-PROVEN-540 %41>>,20,1,5,1,145,104,80,28,201,202,105,95,101,540,every
008-PROVEN-547 %41 >>,1,1,20,1,104,150,80,132,201,203,203,95,104,547,every
009-PROVEN-540 %41 @1>>,8,100,20,1,110,122,80,28,201,203,203,100,101,540,every
032b-AVG10 %3>>,20,1,10,100,122,102,90,0,201,203,203,90,101,5,MSFT$AAPL$AMZN$META$GOOG$AA$EVERy
011-PROVEN-SP100 @1>>,15,100,1,1,106,108,96,28,201,203,203,0,0,540,BARCHART-0520-NYSE1
012-PROVEN-SP100 >>,2,1,5,301,104,108,75,28,201,203,203,0,0,540,BARCHART-0520-NYSE1
013-PROVEN-SP100 %52>>,20,316,4,100,80,80,75,105,201,203,203,0,102,540,every
014-PROVEN-SP100 %52>>,20,316,4,320,80,102,75,105,201,203,203,0,102,540,every
015-PROVEN-SP547 %52>>,20,1,4,1,140,0,95,1,2001,2003,203,100,2,540,every






Bollinger
001-Bollinger-A- %52>>,2,321,4,100,100,102,75,105,201,203,203,0,102,540,every
002-Bollinger-B- %52>>,1,322,20,100,100,106,75,105,201,203,203,0,102,540,every
003-Bollinger-C- %52>>,1,323,20,1,128,0,75,0,201,203,203,0,0,540,every






DataScience-Java
001-DayaScience-A- %52>>,20,1,4,1,0,0,75,0,201,203,203,0,0,540,every
002-DayaScience-A- %52>>,20,1,4,312,0,106,75,0,201,203,203,0,0,540,BARCHART-0520-NYSE1
003-540-DS-A- %510>>,20,1,20,100,0,112,75,106,201,203,203,0,120,540,every
004-700-DS-A- %510>>,20,1,5,1,0,106,103,106,201,203,203,0,0,700,every

005-700-DS-A- %510>>,15,1,5,1,118,110,90,1,201,203,203,0,0,500,every
006-700-DS-A- %510>>,5,318,5,1,120,120,90,1,201,203,203,0,0,700,every
007a-700-DS-A- %510>>,5,322,5,1,109,115,90,1,201,203,203,0,120,700,every
007b-700-DS-A- %510>>,5,322,5,1,115,103,90,1,201,203,203,0,130,700,every
007c-700-DS-A- %510>>,5,318,5,1,124,124,90,1,201,203,203,0,0,700,every
007d-700-DS-A- %510>>,20,100,5,1,122,100,98,1,200,135,203,0,0,700,every
007e-700-DS-A- %510>>,20,1,5,1,105,110,90,1,201,135,203,0,115,700,every
007f-700-DS-A- %510>>,20,4,5,1,105,110,90,1,201,135,203,0,115,700,every
007g-700-DS-A- %510>>,20,4,5,1,112,0,90,1,201,135,203,0,0,700,AAPL$MSFT$AMZN$TSLA$GOOG$GOOGL$NVDA$META$COST$PEP$AA$txn$pypl$axp$dow$ge$mcd$orcl$bkng$








008-700-DS-A- %510>>,13,1,5,1,103,1,90,1,201,203,203,0,0,5,whc$min














PyCodeGen
001 PCGen->>,1,303,5,1,0,0,80,28,201,203,203,0,0,5467,every







GOLDIE
001-GOLDIE-700 >>,3,1,15,1,105,132,90,95,112,202,203,95,0,5,Every


















000-TestingValues%81#4>>,3,1,10,100,1,2,3,4,201,202,203,5,6,546,every


















temp=310 >120 & 3H>125 & Ch>70
BARCHART-0303-NYSE1


-- AU Powers -----
001-AUPower->>>,5,1,10,1,114,112,90,90,201,202,203,0,0,5,every




Currencies
001-CurrencyUS>>>,3,1,3,326,101,0,0,0,201,50,203,0,0,5,every












$every$every$every$every$every






Invested
001 InvFeb11>  >>,1,1,5,100,105,105,91,92,201,202,203,91,92,5,app$bill$afrm$jd$path$cacc$mtch$ostk$hele$rvmd










Trials
001AVG-RL-3@1>>>,3,100,5,1,104.5,103,94,90,201,202,203,100,90,5,RL
002AVG-RL-8>  >>,8,100,5,1,104.5,103,94,90,201,202,203,100,90,5,RL

003 MidPint>  >>,0,308,6,1,105,100,94,90,201,202,203,0,90,5,every










Align-VS
001-VS >>>,10,1,5,1,110,105,94,90,201,202,203,101,0,5,every























