hidden
load m600
options marketChange=true


Every
E01,5,1,10,1,115,101,98,100,201,101,98,600,EVERY
E02,2,1,10,1,107,101,96,1,201,102,98,546,EVERY
E03,5,1,10,1,112,101,98,100,201,101,98,540,EVERY
E04,5,100,8,1,104,1,90,90,201,101,90,540,every
E05,5,100,8,1,104,1,101,90,201,101,90,540,every
E06,5,3,8,1,104,1,101,90,201,101,90,546,every

E07,10,1,2,1,109,104,96,1,201,102,98,546,EVERY
E08,5,1,3,1,110,108,98,100,201,101,98,500,tsla
E09,5,1,3,1,110,108,98,100,201,101,98,540,every
E10,3,1,8,1,106,1,100,90,201,101,0,400,every
E11,3,100,8,1,104,1,100,90,201,101,0,400,EVERY
E12,5,1,8,1,112,100,90,90,201,101,90,540,EVERY


SlickCharts
slick01,5,1,8,1,102,1,90,90,201,101,0,500,dow*30
slick02,5,1,2,1,105,100,90,1,201,0,0,500,nas*10
slick03,5,1,2,1,110,100,90,90,201,0,0,500,sp5*100
slick04,5,1,2,1,105,100,90,90,201,0,101,500,nas*60
slick05,4,1,2,1,106,100,100,90,201,101,100,500,dow*30
slick06,8,1,2,1,108,100,100,90,201,101,100,500,dow*30
slick07,20,1,4,1,104,100,101,100,201,101,90,500,nas*100


Sector
sect01-FM,8,1,3,1,108,103,90,90,122,101,0,500,BARCHARTCDI
sect02-FM,8,1,8,1,116,110,90,90,201,101,0,500,BARCHARTENE
sect03,5,5,8,1,102,1,90,90,201,101,0,500,BARCHARTENE
sect04,5,5,8,1,102,1,90,90,201,101,0,500,barchartinf
sect05,5,4,8,1,102,1,90,90,201,101,0,500,sp5*500
sect06,5,1,8,1,102,1,90,90,201,101,0,500,barChartInf
sect07-FM,3,1,8,1,106,1,90,90,201,101,0,500,BARCHARTFIN
sect08-a,5,1,0,307,104,100,90,90,201,101,0,500,barchartinf
sect09-b,5,1,0,307,106,100,90,90,201,100,100,500,barchartinf
sect10-c,5,1,0,307,104,102,90,90,201,101,0,500,barchartinf

sect11*****,5,1,2,1,108,103,98,100,201,101,98,5,barchartHea
sect12*****,5,1,2,1,108,103,98,100,201,101,98,5,barchartInf



barchart indices
Ind-01,5,1,8,1,118,100,90,90,201,101,90,546,BARCHART-NC
Ind-02,5,1,2,1,116,101,98,10,201,101,98,546,barchart-NC
Ind-03,5,1,2,1,112,101,98,10,201,102,98,546,barchart-NC
Ind-04,5,1,8,1,112,100,90,90,124,101,90,540,BARCHART-NC

Ind-05,5,1,8,1,106,100,90,90,201,101,90,546,BARCHART-DC

Ind-06,5,1,8,1,112,100,90,90,201,101,90,546,BARCHART-N1
Ind-07,5,1,8,1,112,100,90,90,201,101,90,546,BARCHART-N1




codes
code01,5,1,8,1,102,1,90,90,201,101,0,500,SBNY$V$MA$AXP$PAYC$tsla$msft
code02,5,1,2,1,105,100,90,1,201,0,0,500,tsla
code03,5,1,2,1,110,100,90,90,201,0,101,500,tsla$aapl$msft$ibm$hpe$ba
code04,20,1,4,1,104,100,101,100,201,101,90,500,RL$MRO$DVN$APA$HAL$SLB$VLO$


Mine
MN01,5,1,2,1,103,100,101,90,201,101,100,500,barChartMine01
MN02,5,1,2,1,106,100,94,90,201,101,90,500,barChartMine02
MN03,5,1,2,1,106,100,94,90,201,101,90,500,MineFinancial
MN04,15,1,2,1,108,100,94,90,201,101,90,500,MINEFINANCIAL
MN05,15,1,2,1,108,100,94,90,201,101,90,500,MineInfoA
MN06,15,1,2,1,106,100,94,90,201,101,90,500,MineInfoB


Monday
Mon-01,5,1,2,1,106,100,90,90,201,0,101,500,barchart-NC
Mon-02,15,1,2,307,112,105,94,90,201,101,90,546,every
Mon-03,5,1,2,307,108,105,94,90,201,101,90,546,every
Mon-04,4,1,2,1,112,103,101,90,150,101,90,5,EVERY
Mon-05,5,1,20,1,114,120,101,90,201,101,90,5,every

NewDiscovery
disc01,5,1,2,307,105,102,94,90,201,101,90,500,MINEFINANCIAL
disc02,5,1,2,307,105,102,94,90,201,101,90,500,sp5*100
disc03,5,1,2,307,105,102,94,90,201,101,90,500,barchart-nc
disc04,3,1,2,307,118,100,94,90,128,100,90,4,barchart-nc
disc05,3,1,2,307,105,102,94,90,138,100,90,4,barchart-nc
disc06,3,1,2,307,105,102,94,90,138,100,90,4,every
DISC07,3,100,2,307,103,100,101,90,200,100,90,4,BARCHART-nc
DISC08,5,1,2,1,107,100,102,90,201,101,90,546,EVERY
DISC09,6,1,2,307,116,100,99,90,150,101,90,5,every
DISC10******,10,1,10,307,106,103,90,90,201,101,98,540,every



SP500-Check
FiveH-01,5,1,2,307,106,100,101,90,201,101,90,500,every
FiveH-02,5,1,2,307,112,100,97,90,201,101,90,500,every

Alpabetical
Alph01,5,326,5,1,0,106,101,90,201,101,90,5,barchartInf
Alph02,5,326,5,1,0,106,101,90,201,101,90,5,barchartFin
Alph03,5,326,5,1,0,106,101,90,201,101,90,5,barchart-NC

RecentList ****
DISC10******,10,1,10,307,106,103,90,90,201,101,98,540,every
DISC11******,5,1,10,307,114,104,90,90,201,101,98,546,every
sect11*****,5,1,2,1,108,103,98,100,201,101,98,5,barchartHea
sect12*****,5,1,2,1,108,103,98,100,201,101,98,5,barchartInf
rece05-,5,1,2,307,111,103,101,90,131,101,90,3,barChart-NC
rece06-,5,1,2,307,102,103,101,90,131,101,90,3,barChart-NC
RECE07-,5,307,22,1,103,112,90,90,131,102,90,546,every
RECE08-,5,1,2,308,106,102,90,90,201,90,90,2,every
RECE09-,5,1,2,1,112,102,90,90,201,90,90,2,barchartFin
RECE10-,5,1,2,100,105,102,99,90,201,90,90,2,dow*100
RECE11-,5,1,2,100,105,102,99,90,201,90,90,2,sp5*60
RECE12-,5,1,2,1,102,100,90,90,200,90,90,540,Nas*5

skips
skip01@2-,10,100,5,1,106,100,101,90,200,101,90,3,every
SKIP02@5-,10,1,5,1,109,109,101,90,201,101,90,3,EVERY
SKIP03@5-,10,100,5,1,110,105,101,90,200,101,90,3,EVERY
SKIP04@2-,5,100,5,1,108,105,101,90,200,101,90,3,every
SKIP05@2-,5,100,2,1,107,103,100,90,201,100,90,2,EVERY
SKIP06@2-,5,100,5,1,102,100,100,90,201,100,90,2,Nasdaq*50
skip07@3-,8,1,5,1,102,102,101,90,200,101,90,3,BARCHART-dc
















#
#
#
end
