hidden
load m600
options marketChange=true


Every
E01,5,1,10,1,115,101,98,100,201,101,98,600,EVERY
E02,2,1,10,1,107,101,96,1,201,102,98,546,EVERY
E03,5,1,10,1,112,101,98,100,201,101,98,540,EVERY
E04,5,100,8,1,104,1,90,90,201,101,90,540,every
E05,5,100,8,1,104,1,101,90,201,101,90,540,every
E06,5,3,8,1,104,1,101,90,201,101,90,546,every

E07,10,1,2,1,109,104,96,1,201,102,98,546,EVERY
E08,5,1,3,1,110,108,98,100,201,101,98,500,tsla
E09,5,1,3,1,110,108,98,100,201,101,98,540,every
E10,3,1,8,1,106,1,100,90,201,101,0,400,every
E11,3,100,8,1,104,1,100,90,201,101,0,400,EVERY
E12,5,1,8,1,112,100,90,90,201,101,90,540,EVERY


SlickCharts
slick01,5,1,8,1,102,1,90,90,201,101,0,500,dow*30
slick02,5,1,2,1,105,100,90,1,201,0,0,500,nas*10
slick03,5,1,2,1,110,100,90,90,201,0,0,500,sp5*100
slick04,5,1,2,1,105,100,90,90,201,0,101,500,nas*60
slick05,4,1,2,1,106,100,100,90,201,101,100,500,dow*30
slick06,8,1,2,1,108,100,100,90,201,101,100,500,dow*30
slick07,20,1,4,1,104,100,101,100,201,101,90,500,nas*100


barchart Sector
bar01-FM,8,1,3,1,108,103,90,90,122,101,0,500,BARCHARTCDI
bar02-FM,8,1,8,1,116,110,90,90,201,101,0,500,BARCHARTENE
bar03,5,5,8,1,102,1,90,90,201,101,0,500,BARCHARTENE
bar04,5,5,8,1,102,1,90,90,201,101,0,500,barchartinf
bar05,5,4,8,1,102,1,90,90,201,101,0,500,sp5*500
bar06,5,1,8,1,102,1,90,90,201,101,0,500,barChartInf
bar07-FM,3,1,8,1,106,1,90,90,201,101,0,500,BARCHARTFIN

bar08-a,5,1,0,307,104,100,90,90,201,101,0,500,barchartinf
bar09-b,5,1,0,307,106,100,90,90,201,100,100,500,barchartinf
bar10-c,5,1,0,307,104,102,90,90,201,101,0,500,barchartinf

barchart composite
BC1-FM,5,1,8,1,118,100,90,90,201,101,90,546,BARCHART-NC
BC2-FM,5,1,8,1,118,100,90,90,201,101,90,546,BARCHART-DC



codes
code01,5,1,8,1,102,1,90,90,201,101,0,500,SBNY$V$MA$AXP$PAYC$tsla$msft
code02,5,1,2,1,105,100,90,1,201,0,0,500,tsla
code03,5,1,2,1,110,100,90,90,201,0,101,500,tsla$aapl$msft$ibm$hpe$ba
code04,20,1,4,1,104,100,101,100,201,101,90,500,RL$MRO$DVN$APA$HAL$SLB$VLO$


Mine
MN01,5,1,2,1,103,100,101,90,201,101,100,500,barChartMine01
MN02,5,1,2,1,106,100,94,90,201,101,90,500,barChartMine02
MN03,5,1,2,1,106,100,94,90,201,101,90,500,MineFinancial
MN04,15,1,2,1,108,100,94,90,201,101,90,500,MINEFINANCIAL
MN05,15,1,2,1,108,100,94,90,201,101,90,500,MineInfoA
MN06,15,1,2,1,106,100,94,90,201,101,90,500,MineInfoB






#
#
#
end
