1 July 29
start
L02,5,1,10,1,108,102,96,1,201,102,98,50,EVERY
L14-FM,8,4,2,1,103,105,90,90,201,101,0,50,SP5*50
L71A-FM,8,1,3,1,106,100,90,90,201,101,0,50,BARCHART100
L72A-FM,8,1,3,1,112,100,90,90,201,101,0,50,BARCHARTCDI
L74A-FM,8,1,3,1,117,100,90,90,201,101,0,50,BARCHARTESG
L75A-FM,8,1,8,1,108,105,90,90,201,101,0,50,BARCHARTFIN
L76A-FM,3,1,5,1,106,100,90,90,201,101,0,50,BARCHARTHEA
L77A-FM,8,1,8,1,112,100,101,90,201,99,0,50,BARCHARTIND
L77B,5,2,10,1,105,101,98,1,200,101,98,5,BARCHARTIND
L78A-FM,8,1,8,1,116,100,90,90,201,99,0,50,BARCHARTINF
L80A-FM,8,1,3,1,107,100,90,90,201,101,0,50,BARCHARTREA
AA4,10,5,10,1,103,102,0,0,200,101,0,6,AAPL$MSFT$TSLA
AA4,10,5,10,1,103,102,0,0,200,101,0,6,barchartinf
#
#
#
last








