hidden
load m600
options marketChange=true
L01,5,1,10,1,115,101,98,100,201,101,98,600,EVERY
L02,2,1,10,1,107,101,96,1,201,102,98,546,EVERY
L03,5,1,10,1,112,101,98,100,201,101,98,540,EVERY
L04,5,100,8,1,104,1,90,90,201,101,90,540,every
L05,5,100,8,1,104,1,101,90,201,101,90,540,every
L06,5,3,8,1,104,1,101,90,201,101,90,546,every
L07,5,1,8,1,102,1,90,90,201,101,0,500,SBNY$V$MA$AXP$PAYC$tsla$msft
L08,5,1,3,1,110,108,98,100,201,101,98,500,tsla
L09,5,1,3,1,110,108,98,100,201,101,98,540,every
L10,3,1,8,1,106,1,100,90,201,101,0,400,every


SlickCharts
sc01,5,1,8,1,102,1,90,90,201,101,0,500,dow*30


barcharts
bc01-FM,8,1,3,1,108,103,90,90,122,101,0,500,BARCHARTCDI
bc02-FM,8,1,8,1,116,110,90,90,201,101,0,500,BARCHARTENE
bc03,5,5,8,1,102,1,90,90,201,101,0,500,BARCHARTENE
bc04,5,5,8,1,102,1,90,90,201,101,0,500,barchartinf
bc05,5,4,8,1,102,1,90,90,201,101,0,500,sp5*500
bc06,5,1,8,1,102,1,90,90,201,101,0,500,barChartInf
bc07-FM,3,1,8,1,106,1,90,90,201,101,0,500,BARCHARTFIN

#
#
#
end
